101.99984665015026 333.593704073 10.0
102.49950154020941 333.593981173 10.0
102.9991664171415 333.594258302 10.0
103.50053933008817 333.594425151 10.0
104.00019422130043 333.594491708 10.0
104.49984911114622 333.594548266 10.0
104.99951398908455 333.594604854 10.0
105.49916887658128 333.594671503 10.0
105.99882376769628 333.594728152 10.0
106.4984886456572 333.594784832 10.0
106.99814353567169 333.594851575 10.0
107.49779842556266 333.594908316 10.0
107.99746330479293 333.594965089 10.0
108.49711819233863 333.595031923 10.0
108.99677308225226 333.595088755 10.0
109.49643796150521 333.595145619 10.0
109.99609285156876 333.595212546 10.0
110.49574774150516 333.595269471 10.0
110.99541261828757 333.595326428 10.0
111.49506750837571 333.595393446 10.0
111.9947323864202 333.595450465 10.0
112.49438727638677 333.595507514 10.0
112.9940421677462 333.595574623 10.0
113.49370704332023 333.595631733 10.0
113.99336193330966 333.595688874 10.0
114.49301682469381 333.595756075 10.0
114.992681702784 333.595813279 10.0
115.49233659279635 333.595870511 10.0
115.99199148046534 333.595937805 10.0
116.49165635982511 333.595995099 10.0
116.9913112498604 333.596052424 10.0
117.49096614004746 333.59611981 10.0
117.99063101693696 333.596177197 10.0
118.49028590699527 333.596234615 10.0
118.98994079720725 333.596302094 10.0
119.48960567661302 333.596359572 10.0
119.9892605642011 333.59641708 10.0
120.48892544376992 333.596484651 10.0
120.98858033386686 333.596542222 10.0
121.48823522162728 333.596609854 10.0
121.98790009982517 333.596667486 10.0
122.48755499119189 333.596725148 10.0
122.9872098814706 333.596792873 10.0
123.48687475719838 333.596850596 10.0
123.98652964858833 333.596908352 10.0
124.48618453889209 333.596976167 10.0
124.98584941464307 333.597033984 10.0
125.48550430480962 333.597091832 10.0
125.9851591963851 333.597159739 10.0
126.48482407465265 333.597217647 10.0
126.98447896234923 333.597275587 10.0
127.48413385394987 333.597343587 10.0
127.98379873224073 333.597401588 10.0
128.48345361996064 333.59745962 10.0
128.98310851033986 333.597527712 10.0
129.48277338990076 333.597585804 10.0
129.98242827764403 333.597643928 10.0
130.48209315738043 333.597712113 10.0
130.9817480476328 333.597770296 10.0
131.48140293539956 333.597828512 10.0
131.98106781516128 333.59789679 10.0
132.48072270543713 333.597955066 10.0
132.98037759322736 333.598013373 10.0
133.4800424730144 333.598081743 10.0
133.97969736082058 333.598140112 10.0
134.4793522511276 333.598198512 10.0
134.97901713094006 333.598266973 10.0
135.47867201876974 333.598325433 10.0
135.97832690910045 333.598383926 10.0
136.47799178893834 333.598452479 10.0
136.9776466767917 333.598511032 10.0
137.47730156714601 333.598569617 10.0
137.97696644451614 333.598638261 10.0
138.4766213348864 333.598696907 10.0
138.9762862133497 333.598755583 10.0
139.4759411026601 333.59882432 10.0
139.97559599305416 333.598883058 10.0
140.47526087046714 333.598951856 10.0
140.97491576087722 333.599010655 10.0
141.47457065129504 333.599069486 10.0
141.97423552873366 333.599138376 10.0
142.4738904191676 333.599197267 10.0
142.97354530711596 333.599256189 10.0
143.47321018582684 333.599325171 10.0
143.97286507503802 333.599384155 10.0
144.47251996550355 333.599443169 10.0
144.97218484299358 333.599512243 10.0
145.4718397334753 333.599571319 10.0
145.97149462396476 333.599630425 10.0
146.4711595014806 333.599699592 10.0
146.9708143919863 333.59975876 10.0
147.4704792680917 333.599817958 10.0
147.97013416004145 333.599887218 10.0
148.46978904807784 333.599946476 10.0
148.96945392670062 333.600005767 10.0
149.4691088161829 333.600075119 10.0
149.9687637067367 333.60013447 10.0
150.4684285841369 333.600193852 10.0
150.96808347489176 333.600263296 10.0
151.4677383629764 333.60032274 10.0
151.96740324164733 333.600382214 10.0
152.46705813118163 333.60045175 10.0
152.96671302178365 333.600511285 10.0
153.46637789923219 333.600570852 10.0
153.96603279003918 333.60064048 10.0
154.46568767817215 333.600700107 10.0
154.96535255813822 333.600759767 10.0
155.465007446478 333.600829486 10.0
155.96466233712854 333.600889207 10.0
156.46432721462563 333.600948957 10.0
156.96398210548477 333.601018769 10.0
157.4636469829983 333.601078582 10.0
157.9633018736811 333.601138425 10.0
158.46295676207322 333.601208328 10.0
158.96262163961111 333.601268233 10.0
159.46227653051417 333.601338198 10.0
159.9619314187366 333.601398164 10.0
160.46159629879216 333.60145816 10.0
160.9612511872283 333.601528218 10.0
161.4609060779685 333.601588276 10.0
161.96057095555528 333.601648365 10.0
162.4602258440177 333.601718514 10.0
162.95988073478244 333.601778665 10.0
163.45954561239373 333.601838845 10.0
163.95920050337583 333.601909086 10.0
164.4588553916718 333.601969329 10.0
164.95852026930774 333.602029603 10.0
165.45817516031627 333.602099936 10.0
165.95784003796877 333.602160271 10.0
166.45749492879065 333.602220636 10.0
166.95714981733235 333.602291061 10.0
167.45681469500957 333.602351488 10.0
167.95646958585613 333.602411945 10.0
168.456124475671 333.602482462 10.0
168.9557893521263 333.602542982 10.0
169.45544424299763 333.602603532 10.0
169.9550991328391 333.602674141 10.0
170.45476401181241 333.602734753 10.0
170.95441890146182 333.602795393 10.0
171.45407379008333 333.602866096 10.0
171.95373866908147 333.602926798 10.0
172.45339355875572 333.602987532 10.0
172.95304844740392 333.603058326 10.0
173.45271332767354 333.603119121 10.0
173.95236821612613 333.603179948 10.0
174.45203309413293 333.603250834 10.0
174.95168798509553 333.60331172 10.0
175.45134287357294 333.603372638 10.0
175.95100775160662 333.603443618 10.0
176.45066264010092 333.603504596 10.0
176.95031753109666 333.603565605 10.0
177.44998240915712 333.603636677 10.0
177.94963729767645 333.603697748 10.0
178.4492921886972 333.60375885 10.0
178.9489570667846 333.603830013 10.0
179.44861195532894 333.603891176 10.0
179.94826684534925 333.603962401 10.0
180.44793172448917 333.604023626 10.0
180.94758661430532 333.604084881 10.0
181.44724150310583 333.604156198 10.0
181.94690638227092 333.604217514 10.0
182.44656127211226 333.604278862 10.0
182.9462161609399 333.604350271 10.0
183.4458810388835 333.604411679 10.0
183.94553592999668 333.60447312 10.0
184.44520080818327 333.60454462 10.0
184.94485569682024 333.604606121 10.0
185.44451058546545 333.604667654 10.0
185.94417546367922 333.604739246 10.0
186.44383035483474 333.604800839 10.0
186.94348524350525 333.604862463 10.0
187.44315012174619 333.604934148 10.0
187.94280501043383 333.604995833 10.0
188.4424599028696 333.605057549 10.0
188.94212477989115 333.605129327 10.0
189.4417796698508 333.605191104 10.0
189.94143455857207 333.605252913 10.0
190.44109943686757 333.605324782 10.0
190.9407543280993 333.605386651 10.0
191.44040921684606 333.605448552 10.0
191.94007409516882 333.605520512 10.0
192.43972898393284 333.605582475 10.0
192.93939386203706 333.605644467 10.0
193.43904875105528 333.60571652 10.0
193.93870364233814 333.605778575 10.0
194.43836852046792 333.605840659 10.0
194.93802340951362 333.605912804 10.0
195.43767829957545 333.605974951 10.0
195.9373431764842 333.606037127 10.0
196.43699806680397 333.606109364 10.0
196.93665295813813 333.606171603 10.0
197.43631783631918 333.606233871 10.0
197.93597272541993 333.606306202 10.0
198.43562761428646 333.606368531 10.0
198.93529249273763 333.606440923 10.0
199.43494738162155 333.606503314 10.0
199.93460227176044 333.606565736 10.0
200.4342671489927 333.60663822 10.0
200.93392203914905 333.606700704 10.0
201.43358691864572 333.606763219 10.0
201.93324180782028 333.606835793 10.0
202.43289669800248 333.60689837 10.0
202.93256157627832 333.606960976 10.0
203.43221646548074 333.607033644 10.0
203.93187135444214 333.607096312 10.0
204.43153623274392 333.60715901 10.0
204.93119112197402 333.607231771 10.0
205.43084601220806 333.607294531 10.0
205.93051088928917 333.607357321 10.0
206.43016577979375 333.607430173 10.0
206.9298206688071 333.607493025 10.0
207.42948554840754 333.607555908 10.0
207.92914043894 333.607628852 10.0
208.4287953279794 333.607691795 10.0
208.92846020635926 333.607754771 10.0
209.428115095673 333.607827807 10.0
209.92776998473852 333.607890843 10.0
210.4274348631445 333.607953912 10.0
210.9270897524862 333.608027039 10.0
211.4267546309098 333.608090167 10.0
211.9264095212566 333.608153326 10.0
212.42606441062642 333.608226547 10.0
212.92572928907623 333.608289768 10.0
213.42538417820262 333.608353019 10.0
213.92503906760044 333.608426331 10.0
214.4247039460765 333.608489644 10.0
214.9243588352292 333.608552988 10.0
215.42401372590174 333.608626392 10.0
215.9236786031575 333.608689797 10.0
216.42333349358316 333.608753233 10.0
216.92298838303728 333.608826729 10.0
217.42265326156598 333.608890227 10.0
217.92230815103906 333.608963783 10.0
218.4219630402537 333.609027342 10.0
218.92162791880884 333.609090931 10.0
219.4212828070636 333.609164581 10.0
219.92094768438986 333.609228232 10.0
220.42060257488626 333.609291914 10.0
220.92025746441593 333.609365656 10.0
221.41992234301543 333.6094294 10.0
221.9195772322916 333.609493173 10.0
222.41923212184957 333.609567006 10.0
222.91889700047568 333.609630842 10.0
223.41855188977834 333.609694706 10.0
223.9182067806115 333.609768634 10.0
224.41787165801748 333.609832561 10.0
224.91752654859337 333.609896518 10.0
225.4171814382084 333.609970537 10.0
225.91684631439432 333.610034556 10.0
226.41650120375027 333.610098605 10.0
226.9161560946404 333.610172716 10.0
227.4158209720997 333.610236828 10.0
227.91547586272898 333.610300968 10.0
228.41514074048632 333.610375172 10.0
228.91479563113373 333.610439375 10.0
229.41445052054317 333.610503608 10.0
229.9141153970824 333.610577903 10.0
230.41377028651007 333.6106422 10.0
230.91342517719292 333.610706525 10.0
231.4130900550076 333.610780913 10.0
231.91274494570857 333.610845301 10.0
232.4123998351717 333.610909718 10.0
232.91206471176838 333.610984198 10.0
233.41171960124967 333.611048677 10.0
233.91137449198638 333.611113187 10.0
234.41103936985843 333.611187758 10.0
234.91069426061335 333.611252331 10.0
235.4103491501303 333.611316932 10.0
235.9100140267846 333.611391596 10.0
236.40966891631984 333.61145626 10.0
236.9093238061549 333.611530984 10.0
237.40898868504033 333.61159571 10.0
237.90864357584917 333.611660466 10.0
238.40830845255186 333.611735283 10.0
238.90796334213232 333.6118001 10.0
239.40761823172176 333.611864948 10.0
239.9072831109466 333.611939857 10.0
240.406937998061 333.612004768 10.0
240.90659288892417 333.612069707 10.0
241.40625776693145 333.61214471 10.0
241.90591265781288 333.612209711 10.0
242.4055675474566 333.612274742 10.0
242.9052324242462 333.612349836 10.0
243.40488731390835 333.612414929 10.0
243.90454220482601 333.612480056 10.0
244.4042070816447 333.61255524 10.0
244.90386197133412 333.612620426 10.0
245.4035168610323 333.612685642 10.0
245.90318174037355 333.61276092 10.0
246.40283662759694 333.612826197 10.0
246.90250150665446 333.612891506 10.0
247.40215639793965 333.612966876 10.0
247.90181128768376 333.613032246 10.0
248.40147616427546 333.613097649 10.0
248.90113105434315 333.613173108 10.0
249.40078594411466 333.613238572 10.0
249.90045082073385 333.613304065 10.0
250.40010571207753 333.613379619 10.0
250.89976060187652 333.613445172 10.0
251.39942547852314 333.613510757 10.0
251.89908036864958 333.613586403 10.0
252.3987352597228 333.61365205 10.0
252.89840013639702 333.613717728 10.0
253.39805502655275 333.613793466 10.0
253.89770991640694 333.613859204 10.0
254.39737479310872 333.613924973 10.0
254.89702968329402 333.614000803 10.0
255.3966945600144 333.614066634 10.0
255.89634945146622 333.614142526 10.0
256.39600434136673 333.614208417 10.0
256.8956692181148 333.614274341 10.0
257.3953241083495 333.614350324 10.0
257.8949789995243 333.614416308 10.0
258.3946438763002 333.614482324 10.0
258.89429876656453 333.614558399 10.0
259.39395365402726 333.614624477 10.0
259.8936185333241 333.614690583 10.0
260.39327342361815 333.614766752 10.0
260.89292831235525 333.614832919 10.0
261.39259319168 333.614899119 10.0
261.89224807951047 333.61497538 10.0
262.391902969522 333.615041639 10.0
262.8915678488747 333.61510793 10.0
263.3912227379815 333.615184282 10.0
263.8908776280211 333.615250635 10.0
264.3905425049084 333.615317018 10.0
264.89019739529164 333.615393463 10.0
265.3898622721978 333.615459907 10.0
265.88951716352113 333.615526383 10.0
266.389172051441 333.615602921 10.0
266.8888369308685 333.615669458 10.0
267.38849181847985 333.615736025 10.0
267.88814671016956 333.615812653 10.0
268.3878115871318 333.615879282 10.0
268.88746647726464 333.615945943 10.0
269.38712136524435 333.616022663 10.0
269.88678624472806 333.616089384 10.0
270.38644113613566 333.616156136 10.0
270.8860960241453 333.616232948 10.0
271.385760901164 333.616299763 10.0
271.88541579135307 333.616366607 10.0
272.3850706806394 333.61644351 10.0
272.88473556017965 333.616510418 10.0
273.38439044790374 333.616577353 10.0
273.8840553277988 333.616654351 10.0
274.38371021554195 333.616721347 10.0
274.883365107372 333.616798405 10.0
275.38302998446625 333.616865465 10.0
275.88268487473107 333.616932554 10.0
276.3823397628514 333.617009705 10.0
276.88200463997396 333.617076856 10.0
277.3816595315138 333.617144037 10.0
277.88131441966436 333.617221281 10.0
278.38097929930865 333.617288524 10.0
278.8806341883836 333.617355798 10.0
279.38028907905783 333.617433133 10.0
279.8799539562373 333.617500469 10.0
280.37960884658736 333.617567834 10.0
280.87926373604523 333.617645262 10.0
281.37892861325315 333.617712688 10.0
281.87858350363183 333.617780146 10.0
282.3782483812054 333.617857665 10.0
282.87790326911 333.617925185 10.0
283.37755816076384 333.617992734 10.0
283.87722303836784 333.618070347 10.0
284.3768779287944 333.618137958 10.0
284.876532816737 333.6182056 10.0
285.37619769437146 333.618283304 10.0
285.87585258607334 333.618351008 10.0
286.3755074740446 333.618418742 10.0
286.8751723517096 333.618496537 10.0
287.3748272434402 333.618564334 10.0
287.8744821314402 333.61863216 10.0
288.3741470091358 333.618710048 10.0
288.8738018996485 333.618777936 10.0
289.37345678892393 333.618845854 10.0
289.87312166665026 333.618923834 10.0
290.37320606195624 333.618981799 10.0
290.87286095196646 333.618999658 10.0
291.3725258288187 333.619017549 10.0
291.8721807188355 333.619035471 10.0
292.37183561010227 333.619053423 10.0
292.871500488211 333.619071406 10.0
293.37115537699106 333.619089419 10.0
293.8708102657744 333.619107462 10.0
294.37047514389315 333.619125538 10.0
294.87013003268316 333.619143644 10.0
295.3697849227233 333.619161781 10.0
295.8694498020985 333.619179948 10.0
296.36910469089855 333.619198146 10.0
296.86875958094856 333.619216374 10.0
297.36842445784055 333.619234633 10.0
297.86807934789726 333.619252922 10.0
298.3677342367108 333.619271244 10.0
298.8673991148595 333.619289594 10.0
299.3670540061729 333.619307975 10.0
299.8667188843285 333.619326389 10.0
300.36637377315543 333.619344833 10.0
300.8660286619858 333.619363306 10.0
301.3656935401514 333.619381812 10.0
301.86534842898857 333.619400347 10.0
302.36500331907575 333.619418914 10.0
302.8646681960049 333.619437511 10.0
303.36432308734567 333.619456138 10.0
303.863977977443 333.619474796 10.0
304.36364285562917 333.619493485 10.0
304.8632977444869 333.619512205 10.0
305.36295263334796 333.619530955 10.0
305.8626175115445 333.619549738 10.0
306.36227240041245 333.619568549 10.0
306.86192729053045 333.61958739 10.0
307.3615921674907 333.619606264 10.0
307.8612470576157 333.619625168 10.0
308.3609119370762 333.619644103 10.0
308.8605668259615 333.619663068 10.0
309.36022171609693 333.619682064 10.0
309.85988659432115 333.619701092 10.0
310.3595414832169 333.619720149 10.0
310.8591963721162 333.619739236 10.0
311.35886125035097 333.619758357 10.0
311.8585161392573 333.619777505 10.0
312.3581710281672 333.619796686 10.0
312.85783590641245 333.619815896 10.0
313.3574907965759 333.619835138 10.0
313.8571456879897 333.619854411 10.0
314.35681056499897 333.619873714 10.0
314.8564654551732 333.619893048 10.0
315.35612034410406 333.619912411 10.0
315.85578522237074 333.619931808 10.0
316.3554401113089 333.619951234 10.0
316.8551049895826 333.619970692 10.0
317.35475987852806 333.619990179 10.0
317.8544147674769 333.620009696 10.0
318.3540796457614 333.620029246 10.0
318.8537345347173 333.620048824 10.0
319.3533894249237 333.620068435 10.0
319.853054303219 333.620088076 10.0
320.35270919218596 333.620107748 10.0
320.8523640811564 333.620127449 10.0
321.3520289594625 333.620147183 10.0
321.8516838484402 333.620166946 10.0
322.351338739915 333.620186742 10.0
322.8510036182319 333.620206566 10.0
323.3506585072206 333.620226422 10.0
323.8503133974595 333.620246308 10.0
324.34997827454083 333.620266226 10.0
324.8496331647871 333.620286174 10.0
325.34929804187567 333.620306153 10.0
325.34929804187567 333.620306153 10.0
325.3529438451048 333.620306298 10.0
325.35658964833385 333.620306445 10.0
325.859510779615 333.620326584 10.0
326.3624319096534 333.620346757 10.0
326.8653530396953 333.620366959 10.0
327.3682741697411 333.620387193 10.0
327.87119529854397 333.620407459 10.0
328.4074280861203 333.620007833 10.0
329.16672412120846 333.589135546 10.0
329.9224642394011 333.509285805 10.0
330.6715220382588 333.380799509 10.0
331.4108010874486 333.204198102 10.0
332.1372349131814 332.980223685 10.0
332.84782696413856 332.709798911 10.0
333.53962064452634 332.394047034 10.0
334.2097592432241 332.034271855 10.0
334.8554659565531 331.631957726 10.0
335.4740738518504 331.188779567 10.0
336.06301588700666 330.706572789 10.0
336.61984487883046 330.187323263 10.0
337.1360406354069 329.640629511 10.0
337.61093392749495 329.073101389 10.0
338.0517264639843 328.478470325 10.0
338.4568800174467 327.858802467 10.0
338.8249961992417 327.216264271 10.0
339.15478648896385 326.553062321 10.0
339.44512219093457 325.871503502 10.0
339.69498447125585 325.173964923 10.0
339.9035043398916 324.462863819 10.0
340.06996261684435 323.740657547 10.0
340.19377997341905 323.009863663 10.0
340.2745269043099 322.273009747 10.0
340.3119237311544 321.532663516 10.0
340.3149501462504 320.944935096 10.0
340.3152497138719 320.439915444 10.0
340.31554928269816 319.93489579 10.0
340.31585883955074 319.429876141 10.0
340.31615840455305 318.924856489 10.0
340.31646796165455 318.419515872 10.0
340.31646796165455 318.419515872 10.0
340.3167675300246 317.916642681 10.0
340.317067097935 317.413759461 10.0
340.31736666497517 316.91088627 10.0
340.3176762221132 316.408003049 10.0
340.3179757890697 315.905129859 10.0
340.3182753568131 315.40224664 10.0
340.3185849150706 314.899363421 10.0
340.3188844831483 314.396490232 10.0
340.31918405076635 313.893607013 10.0
340.31948361876084 313.390733825 10.0
340.31979317435565 312.887850609 10.0
340.3200927422663 312.384977419 10.0
340.32039231096417 311.882094204 10.0
340.32070186809653 311.379221018 10.0
340.32100143421707 310.876337801 10.0
340.3213010044542 310.373464617 10.0
340.32160057173826 309.870581401 10.0
340.3219101270365 309.367698187 10.0
340.3222096971482 308.864825001 10.0
340.322509264307 308.361941787 10.0
340.32281881989604 307.859068603 10.0
340.3231183882176 307.356185389 10.0
340.32341795566913 306.853312207 10.0
340.32371752515417 306.350428993 10.0
340.3240270805738 305.847555811 10.0
340.3243266499751 305.344672601 10.0
340.3246262172597 304.841799419 10.0
340.32493577462725 304.338916208 10.0
340.32523534016326 303.836032998 10.0
340.32553490981576 303.333159817 10.0
340.3258344765152 302.830276608 10.0
340.32614403413146 302.327403429 10.0
340.32644360199373 301.824520219 10.0
340.326743168986 301.32164704 10.0
340.32705272605693 300.818763831 10.0
340.3273522929654 300.315890653 10.0
340.32765186190744 299.813007446 10.0
340.32795142997924 299.310134268 10.0
340.3282609868808 298.807251063 10.0
340.32856055362225 298.304377886 10.0
340.3288601223974 297.801494681 10.0
340.32916967917157 297.298611473 10.0
340.3294692470344 296.795738299 10.0
340.32976881568413 296.292855094 10.0
340.33006838221695 295.789981919 10.0
340.330377938822 295.287098716 10.0
340.33067750776434 294.784225541 10.0
340.3309770750004 294.281342338 10.0
340.3312766438597 293.778469166 10.0
340.3315862002952 293.275585963 10.0
340.33188576782396 292.772712791 10.0
340.33218533613973 292.26982959 10.0
340.33249489244804 291.766946387 10.0
340.33279446109816 291.264073216 10.0
340.3330940280419 290.761190016 10.0
340.33339359660886 290.258316846 10.0
340.3337031527477 289.755433646 10.0
340.33400272123083 289.252560477 10.0
340.3343022880077 288.749677277 10.0
340.3346118444374 288.246804109 10.0
340.3349114148704 287.743920911 10.0
340.3352109819399 287.241047743 10.0
340.33551054979637 286.738164544 10.0
340.3358201056386 286.235281348 10.0
340.33611967258275 285.732408179 10.0
340.33641924280715 285.229524984 10.0
340.33672879894027 284.726651819 10.0
340.337028365341 284.223768623 10.0
340.33732793336486 283.720895458 10.0
340.3376275021756 283.218012263 10.0
340.33793705938604 282.715139099 10.0
340.3382366256197 282.212255905 10.0
340.33853619596994 281.709382741 10.0
340.3388457513883 281.206499547 10.0
340.3391453199899 280.703616354 10.0
340.3394448877215 280.200743192 10.0
340.3397444537467 279.69786 10.0
340.34005401190694 279.194986837 10.0
340.34035357909505 278.692103647 10.0
340.3406531479062 278.189230486 10.0
340.3409627030281 277.686347296 10.0
340.3412622717554 277.183474136 10.0
340.34156183877644 276.680590944 10.0
340.34186140742077 276.177717786 10.0
340.3421709648664 275.674834598 10.0
340.34247053176205 275.171951408 10.0
340.3427701002809 274.66907825 10.0
340.34307965510607 274.166195061 10.0
340.3433792247878 273.663321905 10.0
340.3436787927632 273.160438717 10.0
340.34397835986846 272.65756556 10.0
340.3442879170174 272.154682375 10.0
340.34458748528556 271.651809218 10.0
340.344887053094 271.148926033 10.0
340.3451966080406 270.646052878 10.0
340.3454961770119 270.143169693 10.0
340.345795744695 269.640286509 10.0
340.34609531400116 269.137413354 10.0
340.3464048696069 268.634530172 10.0
340.34670443882925 268.131657017 10.0
340.3470040063454 267.628773835 10.0
340.3473035729914 267.125900682 10.0
340.34761312967436 266.6230175 10.0
340.34791269748314 266.120144349 10.0
340.3482122648324 265.617261168 10.0
340.3485218218062 265.114388017 10.0
340.34882139031816 264.611504837 10.0
340.3491209575419 264.108621655 10.0
340.3494205251422 263.605748506 10.0
340.34973008152843 263.102865326 10.0
340.3500296502916 262.599992177 10.0
340.35032921984174 262.097108999 10.0
340.35063877651885 261.59423585 10.0
340.350938343492 261.091352673 10.0
340.3512379120881 260.588479526 10.0
340.35153747897795 260.085596349 10.0
340.3518470354858 259.582723202 10.0
340.35214660478505 259.079840025 10.0
340.35244617196764 258.576966879 10.0
340.3527557279301 258.074083705 10.0
340.35305529585736 257.571200529 10.0
340.3533548654079 257.068327384 10.0
340.3536544320054 256.565444209 10.0
340.35396398821655 256.062571065 10.0
340.3542635572235 255.559687893 10.0
340.35456312536047 255.056814749 10.0
340.35487267977965 254.553931577 10.0
340.35517225032606 254.051058434 10.0
340.3554718166728 253.548175262 10.0
340.355771383396 253.045302119 10.0
340.35608094138564 252.542418949 10.0
340.35638051010034 252.039535779 10.0
340.356680077945 251.536662638 10.0
340.3569896345607 251.033779468 10.0
340.35728920232145 250.530906327 10.0
340.35758877086914 250.028023157 10.0
340.3578883373001 249.525150019 10.0
340.3581978949931 249.022266852 10.0
340.3584974613404 248.519393714 10.0
340.3587970297211 248.016510545 10.0
340.3591065852117 247.513637407 10.0
340.35940615350864 247.010754241 10.0
340.3597057230106 246.507871074 10.0
340.3600052916426 246.004997937 10.0
340.3603148465456 245.502114771 10.0
340.3606144150938 244.999241636 10.0
340.36091398318223 244.496358472 10.0
340.36122354086945 243.993485336 10.0
340.36152310638084 243.490602173 10.0
340.361822674762 242.987729038 10.0
340.36212224268337 242.484845874 10.0
340.3624318002012 241.981972742 10.0
340.36273136803896 241.47908958 10.0
340.363030935835 240.976206416 10.0
340.363330502761 240.473333284 10.0
340.3636400584446 239.970450122 10.0
340.3639396277801 239.467576991 10.0
340.3642391954092 238.964693831 10.0
340.3645487513838 238.461820701 10.0
340.3648483201757 237.95893754 10.0
340.36514788809757 237.45606441 10.0
340.36544745555966 236.95318125 10.0
340.3657570126115 236.450308121 10.0
340.36605657998984 235.947424963 10.0
340.36635614981986 235.444541806 10.0
340.36666570549784 234.941668679 10.0
340.36696527399744 234.438785521 10.0
340.367264841627 233.935912393 10.0
340.3675644087968 233.433029236 10.0
340.367873965552 232.930156111 10.0
340.3681735351312 232.427272955 10.0
340.3684731025938 231.92439983 10.0
340.368782657557 231.421516675 10.0
340.36908222618246 230.91864355 10.0
340.36938179310135 230.415760395 10.0
340.3696813624722 229.912877241 10.0
340.369990917684 229.410004117 10.0
340.37029048572435 228.907120965 10.0
340.37059005538794 228.404247843 10.0
340.3708996100543 227.901364689 10.0
340.37119917714085 227.398491568 10.0
340.37149874626084 226.895608417 10.0
340.37179831451067 226.392735295 10.0
340.372107871501 225.889852144 10.0
340.3724074384205 225.386979023 10.0
340.37270700737366 224.884095874 10.0
340.37301656299 224.381212723 10.0
340.37331613227747 223.878339606 10.0
340.37361569861184 223.375456455 10.0
340.373915267816 222.872583338 10.0
340.3742248232631 222.36970019 10.0
340.37452439113696 221.866827072 10.0
340.3748239597976 221.363943924 10.0
340.37513351553554 220.861070807 10.0
340.37543308411244 220.35818766 10.0
340.3757326530659 219.855314545 10.0
340.3760322190663 219.352431399 10.0
340.37634177671003 218.849548254 10.0
340.37664134553813 218.346675139 10.0
340.3769409139065 217.843791993 10.0
340.37725046810124 217.34091888 10.0
340.3775500363857 216.838035735 10.0
340.37784960504683 216.335162622 10.0
340.3781491732482 215.832279479 10.0
340.3784587285202 215.329406366 10.0
340.3787582966377 214.826523224 10.0
340.3790578651319 214.323650112 10.0
340.3793574331664 213.820766971 10.0
340.37966698951544 213.31789386 10.0
340.379966557466 212.815010718 10.0
340.3802661253751 212.312127578 10.0
340.3805756828436 211.809254468 10.0
340.3808752494222 211.306371328 10.0
340.3811748176241 210.80349822 10.0
340.38147438536623 210.300615081 10.0
340.3817839426654 209.797741972 10.0
340.3817839426654 209.797741972 10.0
340.38208351070216 209.294718412 10.0
340.38238307786906 208.791704882 10.0
340.38269263541946 208.288691352 10.0
340.38299220340866 207.784383929 10.0
340.3832917692809 207.280086537 10.0
340.38360132636336 206.775779114 10.0
340.3839008942269 206.271471695 10.0
340.3842004608019 205.767164273 10.0
340.38451001817486 205.262866882 10.0
340.3848095859125 204.758559462 10.0
340.38511914278183 204.254252042 10.0
340.3854187083605 203.749954654 10.0
340.38571827721887 203.245647233 10.0
340.3860278327142 202.741339815 10.0
340.38632740148864 202.237032397 10.0
340.38662696939286 201.732735009 10.0
340.3869365260071 201.228427592 10.0
340.3872360934091 200.724120176 10.0
340.3875456478631 200.219822789 10.0
340.3878452164277 199.715515372 10.0
340.38814478370386 199.211207956 10.0
340.3884543401052 198.706900541 10.0
340.38875390859164 198.202773669 10.0
340.3890534757898 197.698646797 10.0
340.3893630333578 197.194519925 10.0
340.3896625992254 196.690393056 10.0
340.3899621671263 196.186256155 10.0
340.39027172332015 195.682129285 10.0
340.3905712915552 195.178002416 10.0
340.39088084891046 194.673875547 10.0
340.39118041456817 194.169748677 10.0
340.39147998475255 193.665611779 10.0
340.3917895382404 193.16148491 10.0
340.39208910626564 192.657358044 10.0
340.3923886742493 192.153231175 10.0
340.3926982313494 191.64910431 10.0
340.3929977980023 191.144977443 10.0
340.3932973654419 190.640840546 10.0
340.39360692241445 190.13671368 10.0
340.3939064901882 189.632586815 10.0
340.39420605792037 189.128459949 10.0
340.39451561351865 188.624333085 10.0
340.39481518324186 188.12019619 10.0
340.395124738755 187.616069328 10.0
340.39553414628284 186.91916241 10.0
340.3959535416367 186.222255491 10.0
340.3959535416367 186.222255491 10.0
340.396263098203 185.714868822 10.0
340.3965726534795 185.207482152 10.0
340.39687222080954 184.700095481 10.0
340.39718177766497 184.192718842 10.0
340.3974813449103 183.685332173 10.0
340.3977908987684 183.177945504 10.0
340.3980904659293 182.670558835 10.0
340.3984000221948 182.163172168 10.0
340.39869958968904 181.65579553 10.0
340.3990091458687 181.148408863 10.0
340.39931870075844 180.641022197 10.0
340.39961826770735 180.13363553 10.0
340.3999278241761 179.626258895 10.0
340.4002273910403 179.118872227 10.0
340.400536947005 178.611485564 10.0
340.40083651378467 178.104098898 10.0
340.4011460696634 177.596712233 10.0
340.40144563677666 177.0893356 10.0
340.40175519132293 176.581948936 10.0
340.40206474707253 176.074562273 10.0
340.4023643161336 175.56717561 10.0
340.4026738722156 175.059798978 10.0
340.4029734386988 174.552412316 10.0
340.4032829930301 174.045025655 10.0
340.4035825606752 173.537638993 10.0
340.40389211741393 173.030252333 10.0
340.4041916841461 172.522875702 10.0
340.40450123955213 172.015489042 10.0
340.4048107936685 171.508102382 10.0
340.4051103623484 171.000715723 10.0
340.40541991762547 170.493329064 10.0
340.4057194841457 169.985952435 10.0
340.40602904183004 169.478565777 10.0
340.4063286078476 168.97117912 10.0
340.40663816419953 168.463792462 10.0
340.4069377305505 167.956415836 10.0
340.40724728556995 167.449029179 10.0
340.40755684179277 166.941642522 10.0
340.4078564075984 166.434255867 10.0
340.4081659649819 165.926869212 10.0
340.4084655311211 165.419492587 10.0
340.4087750871721 164.912105931 10.0
340.40907465530165 164.404719278 10.0
340.4093842100203 163.897332624 10.0
340.4096837784834 163.389956001 10.0
340.4099933331161 162.882569347 10.0
340.4103028889523 162.375182696 10.0
340.4106024568699 161.867796043 10.0
340.41091201137357 161.360409392 10.0
340.4112115796248 160.853032769 10.0
340.4115211352892 160.345646119 10.0
340.41182070054435 159.838259467 10.0
340.4121302573695 159.330872817 10.0
340.4124298237866 158.823486168 10.0
340.41273938094406 158.316109548 10.0
340.4130489363936 157.8087229 10.0
340.41334850143676 157.30133625 10.0
340.4136580580469 156.793949602 10.0
340.4139576259171 156.286572985 10.0
340.4142671811947 155.779186338 10.0
340.4145667485619 155.27179969 10.0
340.41487630500035 154.764413043 10.0
340.415175872283 154.257026396 10.0
340.41548542780714 153.749649782 10.0
340.4157849950052 153.242263136 10.0
340.41609455002526 152.734876491 10.0
340.4164041062486 152.227489846 10.0
340.41670367331943 151.720103201 10.0
340.41701322862855 151.212726587 10.0
340.41731279561475 150.705339943 10.0
340.4176223504198 150.197953302 10.0
340.41792191732134 149.690566658 10.0
340.4182314737053 149.183190045 10.0
340.4185310405222 148.675803403 10.0
340.41884059764874 148.168416762 10.0
340.4191501522389 147.661030121 10.0
340.4194497189285 147.15364348 10.0
340.4197592750976 146.64626687 10.0
340.42005884170254 146.138880229 10.0
340.4203683986141 145.631493589 10.0
340.4206679651345 145.12410695 10.0
340.42097751988524 144.616730342 10.0
340.4212770888142 144.109343704 10.0
340.4212770888142 144.109343704 10.0
340.42160661454636 143.563110182 10.0
340.42193614022887 143.01687666 10.0
340.42224569502406 142.504153968 10.0
340.422555248529 141.991431275 10.0
340.42286480323673 141.478708583 10.0
340.422964597642 140.942685778 10.0
340.3989321333913 140.20858598 10.0
340.33453613290936 139.476941889 10.0
340.2299663791216 138.749980211 10.0
340.0855425033053 138.029937694 10.0
339.90171398782127 137.319010963 10.0
339.6790302015967 136.619366564 10.0
339.4181703614425 135.933150992 10.0
339.1199435410482 135.262470614 10.0
338.7852586886252 134.609361604 10.0
338.41514462367957 133.975820014 10.0
338.01071007141866 133.363791747 10.0
337.5732235678891 132.775142475 10.0
337.10399360914914 132.211677693 10.0
336.60113236998296 131.671852677 10.0
336.06062446908277 131.155215911 10.0
335.49073040252796 130.671476955 10.0
334.89341790389403 130.222320969 10.0
334.2707745696017 129.80932278 10.0
333.6249579177381 129.433896741 10.0
332.95823533737143 129.097366929 10.0
332.27290418808485 128.800896949 10.0
331.571361702874 128.545530039 10.0
330.85604508167927 128.332138927 10.0
330.12944146107054 128.161465953 10.0
329.394087921895 128.034123063 10.0
328.65253152572564 127.950531631 10.0
327.9073692920742 127.911002697 10.0
327.30571187049514 127.90740771 10.0
326.795119625005 127.907156475 10.0
326.2845273770544 127.906905273 10.0
325.7739351303832 127.906654104 10.0
325.2629932858814 127.906402952 10.0
325.2629932858814 127.906402952 10.0
324.76308873722957 127.906162303 10.0
324.26318418611515 127.905921686 10.0
323.7632696480466 127.905671069 10.0
323.2633650982408 127.905430512 10.0
322.7634605484657 127.905189986 10.0
322.26355599957185 127.904939461 10.0
321.7636514486121 127.904698999 10.0
321.2637369107012 127.904448534 10.0
320.76383236105 127.904208131 10.0
320.2639278114293 127.90396776 10.0
319.76402326019985 127.903717387 10.0
319.26411871188776 127.903477077 10.0
318.76420417452607 127.903236798 10.0
318.26429962214434 127.902986519 10.0
317.76439507392473 127.902746301 10.0
317.26449052448913 127.902506113 10.0
316.7645859734483 127.902255926 10.0
316.2646714362409 127.902015801 10.0
315.76476688650973 127.901765675 10.0
315.26486233595114 127.90152561 10.0
314.76495778666975 127.901285577 10.0
314.2650532357862 127.901035544 10.0
313.7651386987329 127.90079557 10.0
313.2652341482972 127.90055563 10.0
312.7653295987544 127.900305688 10.0
312.26542504838045 127.900065807 10.0
311.7655204992836 127.899825958 10.0
311.26561594858845 127.899576111 10.0
310.7657014117197 127.899336322 10.0
310.2657968614685 127.899096565 10.0
309.76589231211386 127.898846808 10.0
309.26598776192435 127.898607112 10.0
308.7660832126327 127.898357419 10.0
308.26616867342466 127.898117784 10.0
307.76626412332723 127.89787818 10.0
307.2663595741296 127.897628578 10.0
306.76645502409366 127.897389035 10.0
306.26655047408855 127.897149525 10.0
305.766635937151 127.896900013 10.0
305.2667313859607 127.896660563 10.0
304.76682683604747 127.896421143 10.0
304.26692228579094 127.896171725 10.0
303.76701773718594 127.895932368 10.0
303.26710319791175 127.89568301 10.0
302.7671986481216 127.895443714 10.0
302.267294098362 127.89520445 10.0
301.7673895495086 127.894955186 10.0
301.26748499981045 127.894715981 10.0
300.7675704610623 127.894476809 10.0
300.26766591105604 127.894227636 10.0
299.76776136020305 127.893988524 10.0
299.2678568106272 127.893749444 10.0
298.7679522619612 127.893500363 10.0
298.268037724613 127.893261344 10.0
297.7681331735164 127.893012325 10.0
297.2682286240633 127.892773366 10.0
296.76832407464053 127.892534439 10.0
296.2684195236376 127.892285513 10.0
295.76850498644257 127.892046647 10.0
295.268600435865 127.891807811 10.0
294.76869588620224 127.891558978 10.0
294.2687913356859 127.891320204 10.0
293.76888678644656 127.891081462 10.0
293.26897224779697 127.890832718 10.0
292.769067698619 127.890594038 10.0
292.26916314947124 127.890355387 10.0
291.7692585987488 127.890106738 10.0
291.26935404966235 127.889868149 10.0
290.76944950024887 127.889619559 10.0
290.26953495965023 127.889381031 10.0
289.7696304106554 127.889142536 10.0
289.26972586008867 127.888894038 10.0
288.76982131115494 127.888655603 10.0
288.26991676225157 127.888417199 10.0
287.77000222394463 127.888168796 10.0
287.27009767260915 127.887930452 10.0
286.77019312255055 127.88769214 10.0
286.2702885734171 127.887443828 10.0
285.77038402466627 127.887205577 10.0
285.27046948651497 127.886957327 10.0
284.77056493533195 127.886719137 10.0
284.27066038667243 127.886480979 10.0
283.7707558364479 127.88623282 10.0
283.2708512853563 127.885994722 10.0
282.7709367477078 127.885756655 10.0
282.27103219882304 127.885508589 10.0
281.77112764782265 127.885270584 10.0
281.2712230980991 127.88503261 10.0
280.7713185493074 127.884784638 10.0
280.2714040105646 127.884546724 10.0
279.77149946058853 127.884298812 10.0
279.2715949097404 127.88406096 10.0
278.77169036141555 127.88382314 10.0
278.2717858102859 127.88357532 10.0
277.77187127294184 127.883337561 10.0
277.27196672221487 127.883099831 10.0
276.7720621724248 127.882852104 10.0
276.2721576217588 127.882614437 10.0
275.7722530736163 127.882376802 10.0
275.2723385335921 127.882129165 10.0
274.7724339855104 127.88189159 10.0
274.2725294349655 127.881654046 10.0
273.77262488536115 127.881406504 10.0
273.2727203348772 127.881169021 10.0
272.7728157865815 127.880921539 10.0
272.27290124707815 127.880684118 10.0
271.77299669668514 127.880446727 10.0
271.27309214848214 127.880199339 10.0
270.77318759814995 127.879962011 10.0
270.27328304784777 127.879724712 10.0
269.77336851065724 127.879477413 10.0
269.2734639604158 127.879240177 10.0
268.77355941020454 127.879002971 10.0
268.27365485969364 127.878755766 10.0
267.7737503107897 127.878518622 10.0
267.2738357725072 127.878271478 10.0
266.7739312211707 127.878034395 10.0
266.27402667111085 127.877797343 10.0
265.7741221232477 127.877550292 10.0
265.2742175732485 127.877313301 10.0
264.77430303419914 127.87707634 10.0
264.2743984839353 127.876829381 10.0
263.77449393402685 127.876592483 10.0
263.2745893841484 127.876355616 10.0
262.77468483397695 127.876108748 10.0
262.2747702950789 127.875871942 10.0
261.7748657474625 127.875625137 10.0
261.2749611977052 127.875388391 10.0
260.77505664797786 127.875151678 10.0
260.27515209671407 127.874904964 10.0
259.7752375592137 127.874668311 10.0
259.2753330095768 127.874431689 10.0
258.77542845965195 127.874185068 10.0
258.27552390882903 127.873948507 10.0
257.7756193592826 127.873711978 10.0
257.27570482161656 127.87346545 10.0
256.7758002721306 127.873228981 10.0
256.27589572267465 127.872992545 10.0
255.77599117168768 127.872746107 10.0
255.27608661979895 127.872509732 10.0
254.7761720822867 127.872263356 10.0
254.27626753295152 127.87202704 10.0
253.7763629836463 127.871790758 10.0
253.27645843281323 127.871544475 10.0
252.77655388356837 127.871308253 10.0
252.27664933435338 127.87107206 10.0
251.77673479453213 127.870825869 10.0
251.27683024537757 127.87058974 10.0
250.77692569625282 127.87035364 10.0
250.2770211456039 127.870107543 10.0
249.77711659653943 127.869871505 10.0
249.27720205687177 127.869625467 10.0
248.77729750786762 127.86938949 10.0
248.27739295889336 127.869153545 10.0
247.7774884071513 127.868907601 10.0
247.27758385823728 127.868671717 10.0
246.7776693202729 127.868435864 10.0
246.2777647686227 127.86819001 10.0
245.77786021979867 127.867954218 10.0
245.27795567100452 127.867718456 10.0
244.77805111944622 127.867472697 10.0
244.27813658163205 127.867236997 10.0
243.77823203262832 127.866991298 10.0
243.27832748146136 127.86675566 10.0
242.7784229328173 127.866520053 10.0
242.27851838141214 127.866274444 10.0
241.77860384499465 127.866038899 10.0
241.27869929394728 127.865803384 10.0
240.77879474512707 127.865557869 10.0
240.2788901941399 127.865322416 10.0
239.7789856456756 127.865086993 10.0
239.2790711053736 127.86484157 10.0
238.77916655696936 127.864606207 10.0
238.279262005809 127.864360847 10.0
237.7793574574648 127.864125547 10.0
237.2794529066571 127.863890278 10.0
236.7795383677547 127.86364501 10.0
236.27963381950025 127.863409803 10.0
235.77972926878232 127.863174624 10.0
235.27982472029814 127.862929448 10.0
234.77992016964015 127.862694332 10.0
234.28000562993165 127.862459247 10.0
233.78010107904583 127.862214164 10.0
233.2801965309707 127.86197914 10.0
232.780291980432 127.861744149 10.0
232.28038742963759 127.861499155 10.0
231.78048288165198 127.861264224 10.0
231.2805683430851 127.861019293 10.0
230.78066379266616 127.860784423 10.0
230.28075924227699 127.860549585 10.0
229.78085469412824 127.860304746 10.0
229.2809501437988 127.860069968 10.0
228.7810356056655 127.859835222 10.0
228.28113105511483 127.859590476 10.0
227.78122650487487 127.859355791 10.0
227.2813219546645 127.859121136 10.0
226.78141740420506 127.858876482 10.0
226.28150286746757 127.85864189 10.0
225.7815983170692 127.858397296 10.0
225.28169376822495 127.858162764 10.0
224.78178921816374 127.857928264 10.0
224.2818846678566 127.857683764 10.0
223.78197012877487 127.857449324 10.0
223.28206557880287 127.857214916 10.0
222.78216102858676 127.856970508 10.0
222.28225647992116 127.856736161 10.0
221.7823519300384 127.856501845 10.0
221.2824373908331 127.856257527 10.0
220.78253284101007 127.856023272 10.0
220.28262829094592 127.855779019 10.0
219.78272374242914 127.855544825 10.0
219.28281919269526 127.855310664 10.0
218.78290465364185 127.855066501 10.0
218.28300010272093 127.854832399 10.0
217.78309555307615 127.854598329 10.0
217.28319100319388 127.854354259 10.0
216.78328645360864 127.85412025 10.0
216.28337191497275 127.853886272 10.0
215.78346736518134 127.853642294 10.0
215.28356281693172 127.853408377 10.0
214.78365826497173 127.85317449 10.0
214.2837537152712 127.852930606 10.0
213.78383917803032 127.852696781 10.0
213.2839346283905 127.852452957 10.0
212.78403007654953 127.852219194 10.0
212.28412552723123 127.851985462 10.0
211.78422097768208 127.85174173 10.0
211.28431642842318 127.851508058 10.0
210.78440188886694 127.851274418 10.0
210.28449733940852 127.851030779 10.0
209.7845927902385 127.8507972 10.0
209.28468823860462 127.850563652 10.0
208.78478369048338 127.850320105 10.0
208.2848691498287 127.850086618 10.0
207.78496460052153 127.849843132 10.0
207.28506005274625 127.849609707 10.0
206.78515550126048 127.849376313 10.0
206.28525095204387 127.849132921 10.0
205.78533641278383 127.848899587 10.0
205.28543186387998 127.848666285 10.0
204.78552731226065 127.848422984 10.0
204.28562276341606 127.848189743 10.0
203.78571821210755 127.847956533 10.0
203.28580367523838 127.847713324 10.0
202.78589912398914 127.847480175 10.0
202.28599457501397 127.847237027 10.0
201.7860900250706 127.847003941 10.0
201.28618547640315 127.846770884 10.0
200.78627093719152 127.846527829 10.0
200.28636638858328 127.846294835 10.0
199.78646183751107 127.846061871 10.0
199.2865572862234 127.845818908 10.0
198.78665273770358 127.845586005 10.0
198.28673819888627 127.845353133 10.0
197.7868336489354 127.845110262 10.0
197.28692910050404 127.844877452 10.0
196.78702454960867 127.844644672 10.0
196.2871199985014 127.844401893 10.0
195.7872054623248 127.844169174 10.0
195.28730091127787 127.843926458 10.0
194.78739636050074 127.843693801 10.0
194.28749181099937 127.843461175 10.0
193.78758726253585 127.84321855 10.0
193.28768271184688 127.842985986 10.0
192.78776817335364 127.842753452 10.0
192.28786362248692 127.842510919 10.0
191.78795907188626 127.842278448 10.0
191.28805452505455 127.842046006 10.0
190.7881499742778 127.841803565 10.0
190.28823543593177 127.841571185 10.0
189.7883308852153 127.841328806 10.0
189.28842633476168 127.841096487 10.0
188.78852178558392 127.840864199 10.0
188.28861723495737 127.840621913 10.0
187.78870269675832 127.840389685 10.0
187.28879814642204 127.840157491 10.0
186.78889359588533 127.839915296 10.0
186.2889890468545 127.839683163 10.0
185.78908449660614 127.839451059 10.0
185.28916995832577 127.839208957 10.0
184.78926540813632 127.838976915 10.0
184.28936085774959 127.838734873 10.0
183.7894563088655 127.838502893 10.0
183.28955175876402 127.838270944 10.0
182.78963722063344 127.838028995 10.0
182.2897326705907 127.837797106 10.0
181.78982812057706 127.837565249 10.0
181.28992357161638 127.837323392 10.0
180.7900190216615 127.837091597 10.0
180.29010448390213 127.836859832 10.0
179.79019993378446 127.836618067 10.0
179.29029538142416 127.836386364 10.0
178.7903908328327 127.836154691 10.0
178.29048628280466 127.835913018 10.0
177.79057174519176 127.835681406 10.0
177.2906671952236 127.835439795 10.0
176.79076264425638 127.835208246 10.0
176.29085809456467 127.834976726 10.0
175.7909535446861 127.834735208 10.0
175.2910390072195 127.834503751 10.0
174.7911344563689 127.834272323 10.0
174.2912299065797 127.834030896 10.0
173.7913253570343 127.833799531 10.0
173.2914208062713 127.833568196 10.0
172.79151625657155 127.833326863 10.0
172.29160171928024 127.83309559 10.0
171.79169716964026 127.832854317 10.0
171.29179261899432 127.832623104 10.0
170.79188806962398 127.832391923 10.0
170.29198351758012 127.832150743 10.0
169.79206898043478 127.831919624 10.0
169.29216442990528 127.831688534 10.0
168.79225988044396 127.831447446 10.0
168.2923553312196 127.83121642 10.0
167.7924507807775 127.830985423 10.0
167.29253624357185 127.830744426 10.0
166.79263169194158 127.83051349 10.0
166.29272714262916 127.830272557 10.0
165.79282259230393 127.830041682 10.0
165.2929180432542 127.82981084 10.0
164.7930035037042 127.829569996 10.0
164.29309895471286 127.829339216 10.0
163.79319440450382 127.829108465 10.0
163.2932898528764 127.828867715 10.0
162.79338530521892 127.828637024 10.0
162.29347076601692 127.828406366 10.0
161.7935662169718 127.828165709 10.0
161.2936616669083 127.827935112 10.0
160.793757115627 127.827704546 10.0
160.29385256667086 127.827463979 10.0
159.7939380276143 127.827233474 10.0
159.29403347747106 127.826992971 10.0
158.79412892879958 127.826762528 10.0
158.29422437891031 127.826532115 10.0
157.79431982760934 127.826291702 10.0
157.29440528869816 127.826061352 10.0
156.7945007413891 127.825831031 10.0
156.29459619017697 127.825590711 10.0
155.79469164043292 127.825360453 10.0
155.29478708947107 127.825130225 10.0
154.79487255051419 127.824889996 10.0
154.29496800210373 127.824659831 10.0
153.79506345228643 127.824419664 10.0
153.29515890144083 127.824189558 10.0
152.7952543518706 127.823959484 10.0
152.29534980089548 127.82371941 10.0
151.7954352623032 127.823489397 10.0
151.29553071281984 127.823259415 10.0
150.79562616193334 127.823019434 10.0
150.29572161500124 127.822789513 10.0
149.79581706435806 127.822559622 10.0
149.29590252572663 127.822319733 10.0
148.79599797638812 127.822089904 10.0
148.29609342564945 127.821850076 10.0
147.79618887636894 127.821620309 10.0
147.29628432587052 127.821390574 10.0
146.7963697873869 127.821150837 10.0
146.29646523819304 127.820921161 10.0
145.79656068778127 127.820691518 10.0
145.29665613846623 127.820451874 10.0
144.79675158686584 127.820222292 10.0
144.29683704870715 127.819992739 10.0
143.79693249823399 127.819753188 10.0
143.29702794921334 127.819523699 10.0
142.79712339897475 127.819294238 10.0
142.29721884983658 127.81905478 10.0
141.7973043118223 127.818825381 10.0
141.29739976149662 127.818585983 10.0
140.79749521012715 127.818356648 10.0
140.2975906600329 127.818127341 10.0
139.79768611104208 127.817888034 10.0
139.29777157317216 127.81765879 10.0
138.79786702316432 127.817429577 10.0
138.29796247176859 127.817190363 10.0
137.7980579230652 127.816961211 10.0
137.29815337314372 127.816732089 10.0
136.7982388352492 127.816492968 10.0
136.29833428413895 127.816263908 10.0
135.79842973413696 127.81602485 10.0
135.2985251855776 127.81579585 10.0
134.7986206345536 127.815566882 10.0
134.29870609680623 127.815327915 10.0
133.7988015470865 127.815099009 10.0
133.29889699614873 127.814870132 10.0
132.79899244632293 127.814631258 10.0
132.29908789544282 127.814402444 10.0
131.79918334583783 127.814173659 10.0
131.29926880951314 127.813934878 10.0
130.79936425747255 127.813706154 10.0
130.29945970904024 127.813467433 10.0
129.7995551570573 127.813238773 10.0
129.29965060884263 127.813010143 10.0
128.7997360689249 127.812771514 10.0
128.29983152076784 127.812542946 10.0
127.79992696889941 127.812314409 10.0
127.30002242064292 127.812075873 10.0
126.80011787007862 127.811847396 10.0
126.3002033329559 127.81161895 10.0
125.80029878104735 127.811380503 10.0
125.30039423056908 127.811152121 10.0
124.80048968261247 127.810923767 10.0
124.30058513079167 127.810685416 10.0
123.8006705938124 127.810457124 10.0
123.30076604329695 127.810218833 10.0
122.80086149296197 127.809990602 10.0
122.30095694390208 127.809762402 10.0
121.80105239347432 127.809524205 10.0
121.3011378541451 127.809296066 10.0
120.80123330641763 127.809067959 10.0
120.30132875483089 127.808829853 10.0
119.80142420466755 127.808601807 10.0
119.30151965453261 127.808373792 10.0
118.80160511769319 127.808135778 10.0
118.30170056761558 127.807907824 10.0
117.80179601617502 127.807669871 10.0
117.30189146615476 127.807441979 10.0
116.80198691865606 127.807214117 10.0
116.30207237946945 127.806976256 10.0
115.80216782828823 127.806748457 10.0
115.30226327838194 127.806520687 10.0
114.80235872836293 127.806282919 10.0
114.30245417851391 127.806055212 10.0
113.80254962744657 127.805827534 10.0
113.30263509092809 127.805589858 10.0
112.80273054116456 127.805362242 10.0
112.30282599129144 127.805124629 10.0
111.80292144033854 127.804897075 10.0
111.30301689066054 127.804669551 10.0
110.80310235179455 127.804432027 10.0
110.30319780217376 127.804204566 10.0
109.80329325258121 127.803977136 10.0
109.30338870288261 127.803739705 10.0
108.80348415210057 127.803512336 10.0
108.3035696147599 127.803284997 10.0
107.80366506390195 127.80304766 10.0
107.30376051445188 127.802820382 10.0
106.80385596489882 127.802583106 10.0
106.30395141425925 127.802355889 10.0
105.80403687706097 127.802128703 10.0
105.30413232510185 127.80189152 10.0
104.80422777454754 127.801664398 10.0
104.30432322526802 127.801437304 10.0
103.80441867588918 127.801200211 10.0
103.30450413758656 127.800973179 10.0
102.80459958839225 127.800746179 10.0
102.30469503785386 127.800509178 10.0
101.80479048622331 127.800282239 10.0
101.30488593711415 127.80005533 10.0
101.30488593711415 127.80005533 10.0
100.79277543884129 127.799818272 10.0
100.28067492718544 127.799581246 10.0
99.76856842435559 127.799344251 10.0
99.2564649159113 127.799107288 10.0
98.74436040896312 127.798870357 10.0
98.31993996853471 127.797791986 10.0
98.07534152968604 127.784057715 10.0
97.83220141101398 127.753964249 10.0
97.59160636174441 127.7076119 10.0
97.35463114656721 127.645241405 10.0
97.12233454492203 127.567103532 10.0
96.89575436074506 127.473559377 10.0
96.67590243042002 127.365030223 10.0
96.46375962759237 127.241997527 10.0
96.26027485600817 127.105012959 10.0
96.0663570709616 126.954678342 10.0
95.88287227655579 126.791675735 10.0
95.71063952734605 126.616727323 10.0
95.53612240801982 126.413864898 10.0
95.35375931767027 126.177000079 10.0
95.18427940009163 125.930666925 10.0
95.02817108449972 125.675587614 10.0
94.88587886940903 125.412484326 10.0
94.75781227614091 125.142109325 10.0
94.64433888266959 124.86523494 10.0
94.54578232181643 124.582673621 10.0
94.46242526234266 124.295207721 10.0
94.3945074291533 124.003679777 10.0
94.34222260191798 123.7089223 10.0
94.30572160344678 123.411777822 10.0
94.28510831792998 123.113088883 10.0
94.28008108832522 122.768512055 10.0
94.28000315301108 122.254264776 10.0
94.27992521782127 121.740027528 10.0
94.27984728377066 121.22578025 10.0
94.27976934859775 120.711543003 10.0
94.27969141448146 120.196964729 10.0
94.27969141448146 120.196964729 10.0
94.27961547572524 119.693680438 10.0
94.27953953958611 119.190406178 10.0
94.27946260367555 118.687131918 10.0
94.27938666743677 118.183847627 10.0
94.27931073132189 117.680573368 10.0
94.27923479260603 117.177289078 10.0
94.27915785922126 116.674014821 10.0
94.27908192052159 116.170730532 10.0
94.27900598443902 115.667456274 10.0
94.27892904858545 115.164182018 10.0
94.27885311240325 114.66089773 10.0
94.27877717509836 114.157623473 10.0
94.27870123893229 113.654339187 10.0
94.27862430311126 113.15106493 10.0
94.2785483670772 112.647790675 10.0
94.27847242844217 112.14450639 10.0
94.27839649242425 111.641232134 10.0
94.27831955651996 111.13794785 10.0
94.27824362051824 110.634673597 10.0
94.27816768440873 110.131389313 10.0
94.27809074864471 109.628115059 10.0
94.27801481017401 109.124840807 10.0
94.27793887533537 108.621556524 10.0
94.27786293688077 108.118282271 10.0
94.27778600352671 107.61499799 10.0
94.27771006508833 107.111723739 10.0
94.27763412915122 106.608449487 10.0
94.27755719332838 106.105165208 10.0
94.27748125740747 105.601890957 10.0
94.27740531888557 105.098606677 10.0
94.27732938298075 104.595332428 10.0
94.27725244719048 104.092048149 10.0
94.27717651005527 103.588773899 10.0
94.27710057417474 103.085499652 10.0
94.27702463818642 102.582215374 10.0
94.27694770254453 102.078941127 10.0
94.27687176407922 101.575656849 10.0
94.27679582823097 101.072382603 10.0
94.27671889249771 100.569098326 10.0
94.27664295418403 100.065825085 10.0
94.27656701831371 99.5625468264 10.0
94.2764910824399 99.0592675658 10.0
94.27641414680865 98.5559893082 10.0
94.27633820971602 98.052711053 10.0
94.276262273878 97.549432797 10.0
94.27618633555488 97.0461545418 10.0
94.2761093999446 96.5428752829 10.0
94.2760334641309 96.0395970284 10.0
94.275957525832 95.5363187724 10.0
94.27588059025776 95.0330405204 10.0
94.2758046544683 94.5297622668 10.0
94.27572871742868 94.0264830102 10.0
94.27565278165531 93.5232047573 10.0
94.27557584611361 93.0199265029 10.0
94.27549990786326 92.5166482525 10.0
94.27542397211413 92.0133699996 10.0
94.27534803386831 91.5100907454 10.0
94.2752710983592 91.006812495 10.0
94.27519516263433 90.5035342437 10.0
94.27511922567095 90.000255994 10.0
94.27504228893967 89.4969777436 10.0
94.27496635448567 88.9936994955 10.0
94.27489041628833 88.4904202421 10.0
94.27481448060385 87.9871419932 10.0
94.27473754515175 87.4838637459 10.0
94.27466160699028 86.9805854994 10.0
94.27458567133003 86.4773072505 10.0
94.27450973441968 85.9740280002 10.0
94.27443279775352 85.4707497545 10.0
94.27435686087095 84.9674715088 10.0
94.27428092524302 84.4641932607 10.0
94.27420398984792 83.9609150158 10.0
94.27412805173141 83.4576357679 10.0
94.27405211612775 82.954357523 10.0
94.27397617803895 82.4510792788 10.0
94.27389924267642 81.9478010347 10.0
94.27382330709699 81.4445227913 10.0
94.27374737026749 80.941243545 10.0
94.27367043492934 80.4379653009 10.0
94.27359449688097 79.9346870591 10.0
94.2735185613339 79.4314088174 10.0
94.27344262330166 78.9281305764 10.0
94.27336568799612 78.4248523346 10.0
94.27328975121509 77.9215730899 10.0
94.27321381570032 77.4182948505 10.0
94.27313787770042 76.9150166104 10.0
94.27306094242739 76.4117383694 10.0
94.27298500444367 75.9084601308 10.0
94.27290906894964 75.4051808884 10.0
94.27283213370109 74.9019026506 10.0
94.2727561957416 74.398624412 10.0
94.2726802590368 73.895346175 10.0
94.27260432358665 73.3920679372 10.0
94.2725273883591 72.8887886972 10.0
94.27245145043193 72.3855104602 10.0
94.27237551251282 71.8822322248 10.0
94.272299577095 71.378953987 10.0
94.27222264191155 70.8756757523 10.0
94.27214670526332 70.3723975169 10.0
94.27207076736497 69.8691182801 10.0
94.27199383220594 69.3658400446 10.0
94.27191789682855 68.8625618116 10.0
94.27184195896602 68.3592835777 10.0
94.27184195896602 68.3592835777 10.0
94.27176602158566 67.8577736651 10.0
94.2716900854715 67.3562647553 10.0
94.2716141481188 66.8547558472 10.0
94.27153821325574 66.3532459353 10.0
94.2714622759191 65.8517370272 10.0
94.27138633857892 65.3502271161 10.0
94.27131040125838 64.848718208 10.0
94.27123446394585 64.3472093014 10.0
94.27115852912299 63.8456993919 10.0
94.27108259182654 63.3441904846 10.0
94.27100665577318 62.8426805766 10.0
94.27093071849283 62.3411716717 10.0
94.27085478122048 61.8396627659 10.0
94.27077884643782 61.338152858 10.0
94.27070290918161 60.8366439546 10.0
94.27062697192183 60.3351340467 10.0
94.27055103468167 59.8336251433 10.0
94.27047509868456 59.3321152361 10.0
94.27039916146047 58.8306063335 10.0
94.27032322424445 58.3290974317 10.0
94.27024728951804 57.8275875262 10.0
94.27017135231807 57.3260786244 10.0
94.27009541511457 56.8245687204 10.0
94.2700194779307 56.3230598194 10.0
94.26994354200146 55.8215509192 10.0
94.26986760482208 55.3200410168 10.0
94.26979166766233 54.8185321165 10.0
94.26971573299222 54.3170222142 10.0
94.26963979584855 53.8155133147 10.0
94.26956385871291 53.3140044161 10.0
94.26948792157371 52.8124945145 10.0
94.26941198570078 52.3109856182 10.0
94.26933604857767 51.8094757174 10.0
94.26926011147415 51.3079668188 10.0
94.26918417437875 50.8064579233 10.0
94.26910823727978 50.304948024 10.0
94.26903230144698 49.8034391278 10.0
94.26895636561066 49.3019292286 10.0
94.268880429794 48.8004203339 10.0
94.26880449273875 48.2989114392 10.0
94.26872855567997 47.7974015415 10.0
94.26865261864079 47.2958926476 10.0
94.26857668159809 46.7943827508 10.0
94.26850074582161 46.2928738585 10.0
94.26850074582161 46.2928738585 10.0
94.26842380828838 45.7843909825 10.0
94.2683458734976 45.2759091095 10.0
94.26826893847411 44.7674262351 10.0
94.2681920022123 44.2589433607 10.0
94.26811506721693 43.7504614908 10.0
94.2680381309716 43.2419786172 10.0
94.26796119599275 42.7334967473 10.0
94.26788425851736 42.2250138737 10.0
94.26780732479003 41.7165310025 10.0
94.26773038734277 41.2080491342 10.0
94.26765345113873 40.6995662606 10.0
94.26757651618955 40.1910833902 10.0
94.26749958001362 39.6826015227 10.0
94.26742264508098 39.1741186522 10.0
94.26734570766341 38.6656357818 10.0
94.26726877400547 38.1571539159 10.0
94.2671918366044 37.6486710462 10.0
94.26711390193526 37.1401881781 10.0
94.26703696580891 36.6317063114 10.0
94.26696003092589 36.1232234434 10.0
94.26688309356952 35.6147415798 10.0
94.26680615994958 35.1062587126 10.0
94.26672922259814 34.5977758461 10.0
94.26665228651312 34.0892939825 10.0
94.26657535167135 33.5808111153 10.0
94.2664984143447 33.0723282503 10.0
94.26642147828444 32.5638463884 10.0
94.26634454346745 32.0553635227 10.0
94.26626760741216 31.5468806586 10.0
94.2661906726233 31.0383987982 10.0
94.2661137365845 30.5299159341 10.0
94.26603679930739 30.0214330716 10.0
94.26595986454328 29.5129512112 10.0
94.2658819287607 29.0044683487 10.0
94.26580499401317 28.4959864891 10.0
94.26572805676913 27.9875036273 10.0
94.26565112327317 27.4790207664 10.0
94.26557418605721 26.9705389084 10.0
94.26549725008455 26.4620560482 10.0
94.26542031536674 25.9535731881 10.0
94.26534337817554 25.4450913301 10.0
94.26526644222768 24.9366084715 10.0
94.26518950753467 24.4281256137 10.0
94.26511257161485 23.9196437581 10.0
94.26503563444514 23.4111609003 10.0
94.26495869853028 22.9026780417 10.0
94.26488176388183 22.3941961861 10.0
94.26480482673692 21.8857133315 10.0
94.2647278908584 21.3772314766 10.0
94.2646499564556 20.8687486204 10.0
94.26457302058212 20.3602657642 10.0
94.26449608597505 19.8517839125 10.0
94.26441914887145 19.3433010579 10.0
94.26434221302272 18.8348182025 10.0
94.26426527844042 18.3263363516 10.0
94.26418834260818 17.817853497 10.0
94.26411140553766 17.3093706455 10.0
94.26403446973355 16.8008887954 10.0
94.26395753517268 16.2924059416 10.0
94.26388059812692 15.7839230894 10.0
94.26380366234756 15.2754412409 10.0
94.26372672531828 14.7669583894 10.0
94.26364979204868 14.2584765425 10.0
94.2635728550359 13.749993691 10.0
94.26349591927801 13.2415108411 10.0
94.26341798502 12.7330289942 10.0
94.26334104803212 12.2245461451 10.0
94.26326411229903 11.7160632952 10.0
94.26318717533923 11.2075814499 10.0
94.26311024086927 10.6990986008 10.0
