79.54328283561105 331.78137728825334 50.0
80.06608347636352 331.7816632615502 50.0
80.58889083630498 331.7819492725444 50.0
81.11169718895377 331.78223531517415 50.0
81.63450455004846 331.78252139340304 50.0
82.15731190341188 331.78280750405685 50.0
82.68011926101731 331.7830936487255 50.0
83.20292661990128 331.7833798274059 50.0
83.72573297818032 331.78366603930675 50.0
84.24854033128878 331.78395228442633 50.0
84.77134769028413 331.78423856356034 50.0
85.29415504535108 331.7845248759137 50.0
85.8169624058995 331.7848112230729 50.0
86.33976876436199 331.7850976034509 50.0
86.8625761161756 331.78538401625525 50.0
87.38538347956039 331.7856704646603 50.0
87.90819082811967 331.7859569446969 50.0
88.43099818885074 331.7862434595423 50.0
88.95380454749974 331.78653000760653 50.0
89.47661190097654 331.7868165888896 50.0
89.99941926034194 331.78710320418696 50.0
90.52222662122598 331.7873898542886 50.0
91.03525571093597 331.78767643629703 50.0
91.54823015658138 331.7879529924657 50.0
92.06127597960406 331.7882396500172 50.0
92.5742504169957 331.7885162702457 50.0
93.08729623731438 331.78880299107783 50.0
93.60030686924588 331.789089725813 50.0
94.11328131229021 331.78936644411846 50.0
94.6263271299417 331.78965326224545 50.0
95.1393015786129 331.78993004620014 50.0
95.65234739078595 331.7902169283974 50.0
96.16532283189034 331.79049377483057 50.0
96.6783676620611 331.7907807234837 50.0
97.1913430972549 331.79105763556043 50.0
97.70438791916989 331.7913446474912 50.0
98.21736336400447 331.7916216252188 50.0
98.73040918412457 331.7919087035962 50.0
99.2433836192004 331.79218574380087 50.0
99.7564294483117 331.79247288704585 50.0
100.26940189166216 331.79274999290027 50.0
100.78244671366542 331.7930372002146 50.0
101.29542115247578 331.7933143709227 50.0
101.39839562514018 331.7933758927635 50.0
